========================================================================
Aqueduct analysis
2016-03-21 18:34:48
========================================================================
Number of traceable residues: 151
Number of separate paths: 162
========================================================================
List of separate paths
-------------------------------------------------------
     Nr      ID   Begin     INP     OBJ     OUT     End
-------------------------------------------------------
      0     323    7858     436     573     563    9429
      1     323    9432      85     483       0    9999
      2     328    8129     128     857     175    9288
      3     330    5531     161    4308       0    9999
      4     334    7891     216     120    1326    9552
      5     335    3982      95      66     781    4923
      6     336    3231     473     220      38    3961
      7     352    3056     168       1      63    3287
      8     401    5300     130     363     169    5961
      9     404    4789     338     235     360    5721
     10     411    8331     168       1     393    8892
     11     421    1313     213     588     175    2288
     12     443     753     474      54     404    1684
     13     444    4964     136    2104    2721    9924
     14     466     278     541     923      75    1816
     15     495    2407     770     464     282    3922
     16     499    6256     158    2016     280    8709
     17     500    2871     396      13     900    4179
     18     588    6618      51    3331       0    9999
     19     620    4345     385      47      31    4807
     20     648    4119    1808      12     255    6193
     21     679    1643     110       1      90    1843
     22     713     537     145       1     441    1123
     23     819    5521      29     170     536    6255
     24     835    1500     671    2830     208    5208
     25     841    2609     531     830    4170    8139
     26     851    1511      57     146     118    1831
     27     878    2445     533     795     444    4216
     28    1234    8305    1066       1     228    9599
     29    1334    7171      63     157      92    7482
     30    1389    7550     336      39     204    8128
     31    1406    8302     239     405     403    9348
     32    1503    2872     241     192      64    3368
     33    1503    3370     248     477     231    4325
     34    1532    9168     155       3      58    9383
     35    1547       0       0    3171     124    3294
     36    1554       0       0    7318     163    7480
     37    1717    2114     205     380     154    2852
     38    1787    7415    1343     354     225    9336
     39    1868     687      67     118     116     987
     40    1869    3630      70      27     252    3978
     41    2061       0       0    3149     572    3720
     42    2230    4044    1288     636     102    6069
     43    2245    7751     436     329     110    8625
     44    2287     320     365     291     138    1113
     45    2290    5667      79     353      84    6182
     46    2309      88      92     605     136     920
     47    2328    5674     218       1     105    5997
     48    2350    4644     154     922    1257    6976
     49    2388    7564     340       2     123    8028
     50    2404    1851      90      94     219    2253
     51    2450    6629     142     887     117    7774
     52    2457    8418    1316     266       0    9999
     53    2597    1056      57      86     418    1616
     54    2651    3067      67    1676     133    4942
     55    2716    7665     962      11     293    8930
     56    2812    3493      51     114      75    3732
     57    2914    1428      39     509     312    2287
     58    2984     933      43    1424     104    2503
     59    3092    6674     403     468     617    8161
     60    3095    4753    2877     593     773    8995
     61    3128    7374     262      50     158    7843
     62    3187    1281       9     694    2609    4592
     63    3222     842    1286    2161     751    5039
     64    3269    2465     485     421     857    4227
     65    3338    3083     410      30      66    3588
     66    3340    2447     109      26    3044    5625
     67    3397    3092     810    2452     130    6483
     68    3443    6284     361    3355       0    9999
     69    3470    3246     461      17     374    4097
     70    3530    1808     190      52    1053    3102
     71    3759    9100      86     814       0    9999
     72    3832    8637     370      73     335    9414
     73    3908    5644     455       1     302    6401
     74    4056    1765     140    1464      52    3420
     75    4056    3565     452     194      88    4298
     76    4066    1919     747    1849     344    4858
     77    4152       0       0   10000       0    9999
     78    4240    6565     782       9      83    7438
     79    4286       0       0   10000       0    9999
     80    4316    1332     491     126     106    2054
     81    4378       0       0    1121     199    1319
     82    4420    8862     575     563       0    9999
     83    4528       0       0    2119     522    2640
     84    4657     649     608    1835     163    3254
     85    4756    4659     920     584      86    6248
     86    4764       0       0    8063     371    8433
     87    4802    2138     476     155     104    2872
     88    4802    3035     240     246      66    3586
     89    4868    4332     115     347      37    4830
     90    4885    1009      37    8954       0    9999
     91    4910    7762    1385     853       0    9999
     92    4952    5379     180     173    1900    7631
     93    5013    1836      53    8111       0    9999
     94    5065     922     538     252     135    1846
     95    5093    4436     685       4      98    5222
     96    5112    1500     148     251     169    2067
     97    5173    6494     747      99    2028    9367
     98    5182    2737     135     742    1611    5224
     99    5265       0       0     307     144     450
    100    5302       0       0    2246     101    2346
    101    5302    2349     203     424     125    3100
    102    5355    2350     260     224      94    2927
    103    5360    5940     163      38    1624    7764
    104    5396    4323      77       1      90    4490
    105    5410       0       0     277     121     397
    106    5416    2698     168     609     112    3586
    107    5422    7116     407     342      85    7949
    108    5440       0       0     754     592    1345
    109    5492    2754      92       1     108    2954
    110    5608    7106    2195      31     311    9642
    111    5770    2675      70      88     153    2985
    112    5848    9031     378     410     160    9978
    113    5862    1746     980    3384     260    6369
    114    5862    6958     635      42     208    7842
    115    5897    6966     115    2919       0    9999
    116    6023    8934     437     629       0    9999
    117    6371       0       0   10000       0    9999
    118    6570     413     840    1372     152    2776
    119    6705    7585    1009    1406       0    9999
    120    6733       0       0    4091     572    4662
    121    6740    5252    2502     359     342    8454
    122    6865    1060     478       2     552    2091
    123    6966    3296    2327    1071     337    7030
    124    6987    4717     206     579     213    5714
    125    7118    3291     687    2262     572    6811
    126    7189    6230     589     211      68    7097
    127    7189    7105     188    2069     152    9513
    128    7208       0       0     500      99     598
    129    7412       0       0    2604     646    3249
    130    7470    9115      59      92     367    9632
    131    7615    1221     795     100     864    2979
    132    7655    5890     340    1348    1651    9228
    133    7729       0       0      23      65      87
    134    7771    7941    1512     547       0    9999
    135    7774     314     419      58     376    1166
    136    7811    3418     306     312     227    4262
    137    7845    5029      72      12    1827    6939
    138    7903    2560     165      89     511    3324
    139    7974    3702      97      93      38    3929
    140    7985     736     266       1     694    1696
    141    7985    2291     154    3204     308    5956
    142    8118    1419    1025    1464     384    4291
    143    8118    4293    3991     212     302    8797
    144    8141    3975      82     112     120    4288
    145    8178    2870     424    1110     146    4549
    146    8195     969      95    8936       0    9999
    147    8219     449     657     105     351    1561
    148    8277       0       0     909     104    1012
    149    8277    1048     296       1     374    1718
    150    8312    2379     107     247     142    2874
    151    8412    1593     283    1074      70    3019
    152    8511    4143     143     170     396    4851
    153    8520    1436     121     129     201    1886
    154    8611    4214     134    1292     231    5870
    155    8611    5872      48    4080       0    9999
    156    8621    9172     519       4     158    9852
    157    8626    4483     111     372     356    5321
    158    8627    3457     139    1247      73    4915
    159    8659    6377    1033       1     524    7934
    160    8664    8096    1834      70       0    9999
    161    8772    5833      84      81    1226    7223
========================================================================
Separate paths lengths
---------------------------------------------
     Nr      ID       INP       OBJ       OUT
---------------------------------------------
      0     323     486.7     593.7     598.2
      1     323     122.3     385.6       nan
      2     328     136.7     795.8     193.1
      3     330     210.7    3468.8       nan
      4     334     234.7     116.4    1071.0
      5     335     107.9      79.0     805.0
      6     336     501.5     266.1      52.0
      7     352     181.4       nan      80.3
      8     401     163.9     394.6     222.9
      9     404     340.4     259.8     400.7
     10     411     187.2       nan     412.4
     11     421     239.9     625.4     156.9
     12     443     568.7      53.3     426.4
     13     444     149.6    2070.6    2129.8
     14     466     630.3     874.2      98.2
     15     495     816.0     489.6     339.2
     16     499     173.4    2064.6     278.4
     17     500     305.1      11.4     663.9
     18     588      66.1    3048.2       nan
     19     620     427.1      56.7      38.5
     20     648    1438.4      10.7     318.1
     21     679     127.8       nan     108.1
     22     713     134.7       nan     351.7
     23     819      37.2     168.0     461.7
     24     835     715.0    2873.7     207.8
     25     841     582.5     856.2    3371.4
     26     851      73.0     111.0     106.8
     27     878     628.6     774.5     507.0
     28    1234    1053.7       nan     265.2
     29    1334      83.3     167.1     107.1
     30    1389     360.5      36.4     224.3
     31    1406     293.4     365.9     434.6
     32    1503     295.4     215.5      69.4
     33    1503     287.2     501.6     247.0
     34    1532     162.0       2.1      80.8
     35    1547       nan    2939.5     141.6
     36    1554       nan    5767.1     170.5
     37    1717     237.1     464.8     195.2
     38    1787    1346.5     362.7     234.9
     39    1868      78.1     112.1     138.4
     40    1869      81.8      21.1     266.9
     41    2061       nan    2606.2     590.7
     42    2230    1233.0     697.6     117.7
     43    2245     485.9     299.5     129.2
     44    2287     376.2     300.5     158.2
     45    2290     105.4     379.3     107.0
     46    2309     116.8     595.3     146.0
     47    2328     267.0       nan     134.8
     48    2350     197.4     938.5    1095.4
     49    2388     329.7       1.2     142.1
     50    2404      80.9      84.7     182.9
     51    2450     167.4     836.6     119.0
     52    2457    1354.8     260.2       nan
     53    2597      73.0      83.6     462.1
     54    2651      82.6    1724.8     155.2
     55    2716    1093.2       5.5     356.3
     56    2812      67.7     132.1      89.9
     57    2914      39.0     480.7     327.4
     58    2984      56.1    1375.4     123.9
     59    3092     454.3     619.9     485.6
     60    3095    2285.8     625.2     858.8
     61    3128     228.8      52.7     136.5
     62    3187      14.1     679.6    1640.7
     63    3222    1264.9    2196.9     780.3
     64    3269     554.1     407.3     882.7
     65    3338     412.5      32.0      85.2
     66    3340     147.9      24.4    2484.2
     67    3397     617.5    2705.3     150.6
     68    3443     398.7    2348.8       nan
     69    3470     387.8      10.9     316.0
     70    3530     235.2      56.0    1035.8
     71    3759      97.7     872.7       nan
     72    3832     396.7      58.2     302.1
     73    3908     499.9       nan     347.9
     74    4056     175.6    1532.9      64.9
     75    4056     474.0     242.2     104.3
     76    4066     598.3    1973.9     303.8
     77    4152       nan    8134.8       nan
     78    4240     837.9       6.5      99.1
     79    4286       nan    5778.1       nan
     80    4316     470.3     128.9     106.3
     81    4378       nan    1112.4     254.0
     82    4420     462.2     661.9       nan
     83    4528       nan    2159.5     406.0
     84    4657     515.7    1643.5     180.2
     85    4756     945.1     652.0     114.3
     86    4764       nan    6445.7     334.5
     87    4802     516.7     164.0     120.0
     88    4802     235.3     261.0      77.2
     89    4868     143.7     385.1      50.6
     90    4885      46.5    4652.0       nan
     91    4910    1465.8     737.4       nan
     92    4952     219.9     195.8    1880.4
     93    5013      66.8    6536.0       nan
     94    5065     519.1     273.6     132.7
     95    5093     761.3       2.3     122.7
     96    5112     178.6     260.2     197.7
     97    5173     778.4     109.2    1877.2
     98    5182     164.0     733.5    1173.3
     99    5265       nan     342.2     161.5
    100    5302       nan    1629.9     118.3
    101    5302     216.7     396.8     159.5
    102    5355     266.3     236.8     113.2
    103    5360     188.9      37.6    1583.6
    104    5396      71.9       nan     109.4
    105    5410       nan     276.5     138.5
    106    5416     178.9     687.2     132.3
    107    5422     416.5     251.8     101.5
    108    5440       nan     826.6     720.6
    109    5492     112.6       nan     137.7
    110    5608    2227.7      32.6     335.4
    111    5770      97.0      86.8     169.6
    112    5848     417.0     343.5     179.6
    113    5862    1004.6    3620.3     267.0
    114    5862     769.0      39.3     250.5
    115    5897     140.3    2793.7       nan
    116    6023     452.6     650.5       nan
    117    6371       nan    5539.4       nan
    118    6570     671.1    1359.3     167.0
    119    6705     964.2    1512.9       nan
    120    6733       nan    4068.3     604.6
    121    6740    2461.1     303.4     399.8
    122    6865     518.4       0.2     598.8
    123    6966    2036.1    1065.7     373.7
    124    6987     230.0     612.4     281.9
    125    7118     707.8    2308.5     586.6
    126    7189     721.3     207.3      80.9
    127    7189     228.7    1923.1     181.1
    128    7208       nan     345.3      86.6
    129    7412       nan    2603.8     535.6
    130    7470      71.1      72.3     413.7
    131    7615     630.6      59.8     713.9
    132    7655     370.5    1523.4    1456.5
    133    7729       nan      19.9      78.2
    134    7771    1567.1     566.6       nan
    135    7774     389.3      60.4     283.6
    136    7811     358.2     358.4     273.8
    137    7845      96.4      13.0    1620.1
    138    7903     188.7      81.6     608.8
    139    7974     128.9      96.9      54.8
    140    7985     312.4       nan     822.8
    141    7985     193.9    3250.6     242.8
    142    8118     795.1    1440.9     450.7
    143    8118    3074.5     211.5     305.0
    144    8141      86.2     136.2     140.7
    145    8178     478.8    1145.4     195.6
    146    8195     129.0    5120.5       nan
    147    8219     649.4     104.7     405.8
    148    8277       nan     710.1     119.7
    149    8277     326.0       nan     427.8
    150    8312     129.4     262.3     144.4
    151    8412     328.8    1181.0      86.7
    152    8511     165.7     154.9     424.5
    153    8520     129.6     119.1     200.6
    154    8611     152.3    1285.5     230.8
    155    8611      69.0    3812.7       nan
    156    8621     515.9       6.3     187.6
    157    8626     115.9     395.2     383.9
    158    8627     147.0    1426.1      83.2
    159    8659     876.3       nan     543.0
    160    8664    1722.1      54.3       nan
    161    8772      90.8      87.9    1351.5
========================================================================
Separate paths average step lengths
---------------------------------------------------------------------
     Nr      ID      INP   INPstd      OBJ   OBJstd      OUT   OUTstd
---------------------------------------------------------------------
      0     323     1.12    0.595     1.04    0.540     1.06    0.636
      1     323     1.46    0.767     0.80    0.408      nan      nan
      2     328     1.08    0.653     0.93    0.510     1.11    0.599
      3     330     1.32    0.691     0.81    0.421      nan      nan
      4     334     1.09    0.555     0.98    0.438     0.81    0.481
      5     335     1.15    0.538     1.22    0.635     1.03    0.543
      6     336     1.06    0.569     1.22    0.630     1.40    0.701
      7     352     1.09    0.568      nan      nan     1.29    0.754
      8     401     1.27    0.725     1.09    0.553     1.33    0.690
      9     404     1.01    0.527     1.11    0.617     1.12    0.687
     10     411     1.12    0.648      nan      nan     1.05    0.549
     11     421     1.13    0.576     1.07    0.604     0.90    0.526
     12     443     1.20    0.609     1.01    0.656     1.06    0.603
     13     444     1.11    0.615     0.98    0.549     0.78    0.446
     14     466     1.17    0.672     0.95    0.519     1.33    0.685
     15     495     1.06    0.609     1.06    0.583     1.21    0.585
     16     499     1.10    0.578     1.02    0.582     1.00    0.549
     17     500     0.77    0.437     0.95    0.288     0.74    0.407
     18     588     1.32    0.576     0.92    0.527      nan      nan
     19     620     1.11    0.556     1.23    0.577     1.28    0.533
     20     648     0.80    0.432     0.97    0.373     1.25    0.662
     21     679     1.17    0.639      nan      nan     1.22    0.651
     22     713     0.94    0.509      nan      nan     0.80    0.453
     23     819     1.33    0.722     0.99    0.533     0.86    0.482
     24     835     1.07    0.559     1.02    0.581     1.00    0.542
     25     841     1.10    0.634     1.03    0.585     0.81    0.472
     26     851     1.30    0.644     0.77    0.381     0.91    0.496
     27     878     1.18    0.597     0.98    0.540     1.14    0.633
     28    1234     0.99    0.552      nan      nan     1.17    0.579
     29    1334     1.34    0.794     1.07    0.582     1.18    0.535
     30    1389     1.08    0.539     0.96    0.520     1.11    0.582
     31    1406     1.23    0.626     0.91    0.560     1.08    0.631
     32    1503     1.23    0.622     1.13    0.585     1.10    0.636
     33    1503     1.16    0.616     1.05    0.624     1.07    0.619
     34    1532     1.05    0.519     1.05    0.402     1.42    0.710
     35    1547      nan      nan     0.93    0.571     1.15    0.640
     36    1554      nan      nan     0.79    0.470     1.05    0.530
     37    1717     1.16    0.609     1.23    0.627     1.28    0.690
     38    1787     1.00    0.557     1.03    0.539     1.05    0.565
     39    1868     1.18    0.710     0.96    0.515     1.20    0.743
     40    1869     1.18    0.641     0.81    0.310     1.06    0.551
     41    2061      nan      nan     0.83    0.496     1.03    0.584
     42    2230     0.96    0.553     1.10    0.572     1.16    0.620
     43    2245     1.12    0.586     0.91    0.499     1.19    0.647
     44    2287     1.03    0.595     1.04    0.573     1.15    0.637
     45    2290     1.35    0.610     1.08    0.599     1.29    0.594
     46    2309     1.28    0.612     0.99    0.575     1.08    0.571
     47    2328     1.23    0.690      nan      nan     1.30    0.781
     48    2350     1.29    0.689     1.02    0.542     0.87    0.516
     49    2388     0.97    0.537     1.22    0.000     1.16    0.635
     50    2404     0.91    0.500     0.91    0.539     0.84    0.432
     51    2450     1.19    0.713     0.94    0.499     1.03    0.555
     52    2457     1.03    0.544     0.98    0.581      nan      nan
     53    2597     1.30    0.681     0.98    0.566     1.11    0.576
     54    2651     1.25    0.655     1.03    0.583     1.18    0.592
     55    2716     1.14    0.622     0.55    0.244     1.22    0.662
     56    2812     1.35    0.698     1.17    0.613     1.22    0.681
     57    2914     1.03    0.621     0.95    0.546     1.05    0.535
     58    2984     1.34    0.780     0.97    0.524     1.20    0.670
     59    3092     1.13    0.591     1.33    0.809     0.79    0.454
     60    3095     0.79    0.454     1.06    0.626     1.11    0.565
     61    3128     0.88    0.487     1.07    0.481     0.87    0.453
     62    3187     1.77    1.098     0.98    0.531     0.63    0.324
     63    3222     0.98    0.576     1.02    0.584     1.04    0.587
     64    3269     1.14    0.613     0.97    0.578     1.03    0.584
     65    3338     1.01    0.577     1.10    0.583     1.31    0.694
     66    3340     1.37    0.732     0.98    0.466     0.82    0.466
     67    3397     0.76    0.429     1.10    0.618     1.17    0.596
     68    3443     1.11    0.562     0.70    0.406      nan      nan
     69    3470     0.84    0.429     0.68    0.282     0.85    0.470
     70    3530     1.24    0.614     1.10    0.541     0.98    0.565
     71    3759     1.15    0.561     1.07    0.628      nan      nan
     72    3832     1.08    0.589     0.81    0.419     0.90    0.500
     73    3908     1.10    0.599      nan      nan     1.16    0.629
     74    4056     1.26    0.572     1.05    0.654     1.27    0.617
     75    4056     1.05    0.610     1.26    0.631     1.20    0.626
     76    4066     0.80    0.427     1.07    0.694     0.89    0.492
     77    4152      nan      nan     0.81    0.440      nan      nan
     78    4240     1.07    0.588     0.81    0.378     1.21    0.660
     79    4286      nan      nan     0.58    0.285      nan      nan
     80    4316     0.96    0.510     1.03    0.490     1.01    0.525
     81    4378      nan      nan     0.99    0.540     1.28    0.634
     82    4420     0.81    0.488     1.18    0.806      nan      nan
     83    4528      nan      nan     1.02    0.594     0.78    0.456
     84    4657     0.85    0.507     0.90    0.501     1.11    0.662
     85    4756     1.03    0.611     1.12    0.638     1.35    0.704
     86    4764      nan      nan     0.80    0.457     0.90    0.504
     87    4802     1.09    0.629     1.06    0.570     1.17    0.644
     88    4802     0.98    0.608     1.07    0.606     1.19    0.635
     89    4868     1.26    0.608     1.11    0.584     1.41    0.761
     90    4885     1.29    0.640     0.52    0.238      nan      nan
     91    4910     1.06    0.556     0.87    0.487      nan      nan
     92    4952     1.23    0.690     1.14    0.568     0.99    0.563
     93    5013     1.28    0.725     0.81    0.458      nan      nan
     94    5065     0.97    0.561     1.09    0.657     0.99    0.504
     95    5093     1.11    0.607     0.76    0.116     1.27    0.769
     96    5112     1.22    0.678     1.04    0.592     1.18    0.592
     97    5173     1.04    0.612     1.11    0.686     0.93    0.521
     98    5182     1.22    0.557     0.99    0.525     0.73    0.363
     99    5265      nan      nan     1.12    0.601     1.13    0.606
    100    5302      nan      nan     0.73    0.393     1.18    0.627
    101    5302     1.07    0.577     0.94    0.466     1.29    0.698
    102    5355     1.03    0.633     1.06    0.572     1.22    0.700
    103    5360     1.17    0.543     1.02    0.467     0.98    0.561
    104    5396     0.95    0.535      nan      nan     1.23    0.698
    105    5410      nan      nan     1.00    0.509     1.15    0.605
    106    5416     1.07    0.605     1.13    0.604     1.19    0.694
    107    5422     1.03    0.561     0.74    0.393     1.21    0.618
    108    5440      nan      nan     1.10    0.640     1.22    0.642
    109    5492     1.24    0.718      nan      nan     1.29    0.679
    110    5608     1.02    0.580     1.09    0.731     1.08    0.592
    111    5770     1.41    0.738     1.00    0.518     1.12    0.578
    112    5848     1.11    0.613     0.84    0.397     1.13    0.519
    113    5862     1.03    0.564     1.07    0.645     1.03    0.548
    114    5862     1.21    0.674     0.96    0.489     1.21    0.557
    115    5897     1.23    0.670     0.96    0.532      nan      nan
    116    6023     1.04    0.563     1.04    0.599      nan      nan
    117    6371      nan      nan     0.55    0.288      nan      nan
    118    6570     0.80    0.461     0.99    0.634     1.11    0.591
    119    6705     0.96    0.496     1.08    0.603      nan      nan
    120    6733      nan      nan     0.99    0.578     1.06    0.579
    121    6740     0.98    0.544     0.85    0.468     1.17    0.629
    122    6865     1.09    0.615     0.23    0.000     1.09    0.595
    123    6966     0.88    0.501     1.00    0.578     1.11    0.559
    124    6987     1.12    0.563     1.06    0.578     1.33    0.634
    125    7118     1.03    0.593     1.02    0.669     1.03    0.584
    126    7189     1.23    0.626     0.99    0.486     1.21    0.615
    127    7189     1.22    0.669     0.93    0.552     1.20    0.669
    128    7208      nan      nan     0.69    0.350     0.88    0.551
    129    7412      nan      nan     1.00    0.574     0.83    0.450
    130    7470     1.23    0.659     0.79    0.355     1.13    0.621
    131    7615     0.79    0.472     0.60    0.258     0.83    0.466
    132    7655     1.09    0.570     1.13    0.618     0.88    0.497
    133    7729      nan      nan     0.91    0.330     1.22    0.821
    134    7771     1.04    0.572     1.04    0.602      nan      nan
    135    7774     0.93    0.525     1.06    0.664     0.76    0.412
    136    7811     1.17    0.584     1.15    0.655     1.21    0.672
    137    7845     1.36    0.647     1.18    0.478     0.89    0.505
    138    7903     1.15    0.689     0.93    0.498     1.19    0.661
    139    7974     1.34    0.743     1.05    0.536     1.48    0.830
    140    7985     1.18    0.666      nan      nan     1.19    0.619
    141    7985     1.27    0.672     1.01    0.568     0.79    0.457
    142    8118     0.78    0.433     0.98    0.560     1.18    0.620
    143    8118     0.77    0.430     1.00    0.529     1.01    0.552
    144    8141     1.06    0.698     1.23    0.604     1.18    0.563
    145    8178     1.13    0.645     1.03    0.547     1.35    0.649
    146    8195     1.37    0.678     0.57    0.283      nan      nan
    147    8219     0.99    0.548     1.01    0.608     1.16    0.654
    148    8277      nan      nan     0.78    0.496     1.16    0.617
    149    8277     1.11    0.575      nan      nan     1.15    0.652
    150    8312     1.22    0.589     1.07    0.576     1.02    0.494
    151    8412     1.17    0.579     1.10    0.619     1.26    0.519
    152    8511     1.17    0.699     0.92    0.536     1.07    0.583
    153    8520     1.08    0.542     0.93    0.572     1.00    0.568
    154    8611     1.15    0.608     1.00    0.554     1.00    0.670
    155    8611     1.47    0.836     0.93    0.614      nan      nan
    156    8621     1.00    0.517     2.09    0.762     1.19    0.600
    157    8626     1.05    0.537     1.07    0.600     1.08    0.611
    158    8627     1.07    0.609     1.14    0.663     1.16    0.670
    159    8659     0.85    0.484      nan      nan     1.04    0.575
    160    8664     0.94    0.528     0.79    0.463      nan      nan
    161    8772     1.09    0.636     1.10    0.544     1.10    0.611
========================================================================
Number of inlets: 286
Number of clusters: 3
Outliers: yes
========================================================================
Clusters summary
---------------------------------------
     Nr Cluster    Size     INP     OUT
---------------------------------------
      0      -1       4       1       3
      1       0     243     124     119
      2       1       4       0       4
      3       2      35      19      16
========================================================================
Separate paths inlets clusters
----------------------------------------
     Nr      ID     INP     OUT     Type
----------------------------------------
      0     323       0       0   in-out
      1     323       0       0   in-out
      2     328       0       0   in-out
      3     330       0    None incoming
      4     334       0      -1  through
      5     335       0       0   in-out
      6     336       0       0   in-out
      7     352       0       0   in-out
      8     401       0       0   in-out
      9     404       0       0   in-out
     10     411       0       0   in-out
     11     421       0       1  through
     12     443       0       0   in-out
     13     444       0       0   in-out
     14     466       0       0   in-out
     15     495       0       0   in-out
     16     499       0       0   in-out
     17     500       2       1  through
     18     588       0    None incoming
     19     620       0       0   in-out
     20     648       0       0   in-out
     21     679       0       0   in-out
     22     713       2       1  through
     23     819       0       2  through
     24     835       0       0   in-out
     25     841       0       0   in-out
     26     851       2       2   in-out
     27     878       0       0   in-out
     28    1234       0       0   in-out
     29    1334       0       0   in-out
     30    1389       0       0   in-out
     31    1406       0       0   in-out
     32    1503       0       0   in-out
     33    1503       0       0   in-out
     34    1532       0       0   in-out
     35    1547    None       0 outgoing
     36    1554    None       0 outgoing
     37    1717       0       0   in-out
     38    1787       0       0   in-out
     39    1868       0       0   in-out
     40    1869       0       0   in-out
     41    2061    None       0 outgoing
     42    2230       0       0   in-out
     43    2245       0       0   in-out
     44    2287       0       0   in-out
     45    2290       0       0   in-out
     46    2309       0       0   in-out
     47    2328       0       0   in-out
     48    2350       0       0   in-out
     49    2388       0       0   in-out
     50    2404       2       2   in-out
     51    2450       0       0   in-out
     52    2457       0    None incoming
     53    2597       0       0   in-out
     54    2651       0       0   in-out
     55    2716       0       0   in-out
     56    2812       0       0   in-out
     57    2914       2       0  through
     58    2984       0       0   in-out
     59    3092       0       2  through
     60    3095       2       0  through
     61    3128       2       2   in-out
     62    3187       0      -1  through
     63    3222       0       0   in-out
     64    3269       0       0   in-out
     65    3338       0       0   in-out
     66    3340       0       0   in-out
     67    3397       2       0  through
     68    3443       0    None incoming
     69    3470       2       2   in-out
     70    3530       0       0   in-out
     71    3759       0    None incoming
     72    3832       0       0   in-out
     73    3908       0       0   in-out
     74    4056       0       0   in-out
     75    4056       0       0   in-out
     76    4066       2       2   in-out
     77    4152    None    None internal
     78    4240       0       0   in-out
     79    4286    None    None internal
     80    4316       0       0   in-out
     81    4378    None       0 outgoing
     82    4420       2    None incoming
     83    4528    None       2 outgoing
     84    4657       2       0  through
     85    4756       0       0   in-out
     86    4764    None       2 outgoing
     87    4802       0       0   in-out
     88    4802       0       0   in-out
     89    4868       0       0   in-out
     90    4885       0    None incoming
     91    4910       0    None incoming
     92    4952       0       0   in-out
     93    5013       0    None incoming
     94    5065       2       2   in-out
     95    5093       0       0   in-out
     96    5112       0       0   in-out
     97    5173       0       0   in-out
     98    5182       0      -1  through
     99    5265    None       0 outgoing
    100    5302       0       0   in-out
    101    5302       0       0   in-out
    102    5355       0       0   in-out
    103    5360       0       0   in-out
    104    5396       0       0   in-out
    105    5410    None       0 outgoing
    106    5416       0       0   in-out
    107    5422       0       0   in-out
    108    5440    None       0 outgoing
    109    5492       0       0   in-out
    110    5608       0       0   in-out
    111    5770       0       0   in-out
    112    5848       0       0   in-out
    113    5862       0       0   in-out
    114    5862       0       0   in-out
    115    5897       0    None incoming
    116    6023       0    None incoming
    117    6371    None    None internal
    118    6570       2       2   in-out
    119    6705       0    None incoming
    120    6733    None       0 outgoing
    121    6740       0       0   in-out
    122    6865       0       0   in-out
    123    6966       0       0   in-out
    124    6987       0       0   in-out
    125    7118       0       0   in-out
    126    7189       0       0   in-out
    127    7189       0       0   in-out
    128    7208    None       2 outgoing
    129    7412    None       2 outgoing
    130    7470       0       0   in-out
    131    7615       2       2   in-out
    132    7655       0       0   in-out
    133    7729    None       0 outgoing
    134    7771       0    None incoming
    135    7774       0       0   in-out
    136    7811       0       0   in-out
    137    7845       0       0   in-out
    138    7903       0       0   in-out
    139    7974       0       0   in-out
    140    7985       0       1  through
    141    7985       0       1  through
    142    8118       0       0   in-out
    143    8118       0       0   in-out
    144    8141       0       0   in-out
    145    8178       0       0   in-out
    146    8195       0    None incoming
    147    8219       0       0   in-out
    148    8277       0       0   in-out
    149    8277       0       0   in-out
    150    8312       0       0   in-out
    151    8412       0       0   in-out
    152    8511       0       0   in-out
    153    8520       2       2   in-out
    154    8611       2       2   in-out
    155    8611       2       2   in-out
    156    8621       0       0   in-out
    157    8626       0       0   in-out
    158    8627       2       0  through
    159    8659      -1       0  through
    160    8664       0    None incoming
    161    8772       0       0   in-out
